{
 "cells": [
  {
   "cell_type": "code",
   "execution_count": 1,
   "id": "91be990f-8a2e-4d5a-940a-86300db7958f",
   "metadata": {},
   "outputs": [],
   "source": [
    "# this note book contain the implementation code for sharing problem in admm\n",
    "# problem: minimize sum f_i(xi) + sigma*norm1(sum x_i)"
   ]
  },
  {
   "cell_type": "code",
   "execution_count": 3,
   "id": "8eba710a-d2ed-4766-95f1-da649fd269fa",
   "metadata": {},
   "outputs": [],
   "source": [
    "# data loading function x"
   ]
  },
  {
   "cell_type": "code",
   "execution_count": 81,
   "id": "1b8df1de-19fe-4346-b2b0-c11aaa7c78f3",
   "metadata": {},
   "outputs": [],
   "source": [
    "import scipy\n",
    "import numpy as np"
   ]
  },
  {
   "cell_type": "code",
   "execution_count": 307,
   "id": "1908d984-f296-4845-9056-39026fa4ea87",
   "metadata": {},
   "outputs": [],
   "source": [
    "data = scipy.io.loadmat(\".//data//10 Agents//p5//Set4\")"
   ]
  },
  {
   "cell_type": "code",
   "execution_count": 309,
   "id": "8b453096-6508-4caa-8e11-4458a1ec7bd9",
   "metadata": {},
   "outputs": [],
   "source": [
    "#extract data\n",
    "gamma = data['Phi'][0] ## function hessian (include 10: 5x5 matrix)\n",
    "theta = data['theta'][0] ## theta fi_xi = (xi-theta_i) @ phi @ (xi-theta)\n",
    "# J_solver = data['J_solver'] \n",
    "solution = data['solution']"
   ]
  },
  {
   "cell_type": "code",
   "execution_count": 311,
   "id": "cf981ac1-44a0-4553-bbba-821e575770af",
   "metadata": {},
   "outputs": [
    {
     "data": {
      "text/plain": [
       "5"
      ]
     },
     "execution_count": 311,
     "metadata": {},
     "output_type": "execute_result"
    }
   ],
   "source": [
    "theta[0].shape[0]"
   ]
  },
  {
   "cell_type": "code",
   "execution_count": 313,
   "id": "c8d53ac8-6ba6-4f7b-8de8-f77c3712ca77",
   "metadata": {},
   "outputs": [
    {
     "data": {
      "text/plain": [
       "array([array([[ 3.45678847, -0.41634739,  0.09239158, -0.51805927, -0.3630161 ],\n",
       "              [-0.41634739,  1.78424548, -0.329426  ,  0.60512552,  0.66709242],\n",
       "              [ 0.09239158, -0.329426  ,  2.64751362, -0.36835663, -0.15926588],\n",
       "              [-0.51805927,  0.60512552, -0.36835663,  2.92114263,  0.60829058],\n",
       "              [-0.3630161 ,  0.66709242, -0.15926588,  0.60829058,  1.58449853]]),\n",
       "       array([[ 1.41859358, -0.24183159,  0.4506265 , -0.05622287,  0.50369355],\n",
       "              [-0.24183159,  1.44518591,  0.14800796, -0.09538209, -0.68928998],\n",
       "              [ 0.4506265 ,  0.14800796,  3.00568404, -0.12587592,  0.29075848],\n",
       "              [-0.05622287, -0.09538209, -0.12587592,  1.70012094, -0.37665903],\n",
       "              [ 0.50369355, -0.68928998,  0.29075848, -0.37665903,  2.61458391]]),\n",
       "       array([[ 3.60945537, -0.36148388,  0.55788104, -0.43928001, -0.31652328],\n",
       "              [-0.36148388,  2.49940256,  0.69892463, -0.8044575 ,  0.18442887],\n",
       "              [ 0.55788104,  0.69892463,  2.53509818,  0.09501573,  0.76149669],\n",
       "              [-0.43928001, -0.8044575 ,  0.09501573,  2.01657301,  0.48232055],\n",
       "              [-0.31652328,  0.18442887,  0.76149669,  0.48232055,  2.56998099]]),\n",
       "       array([[ 2.38930289,  0.10349504,  0.18776388,  0.81464251,  0.57581731],\n",
       "              [ 0.10349504,  3.19966984,  0.34196837,  0.04478882, -0.98859524],\n",
       "              [ 0.18776388,  0.34196837,  1.40111991, -0.01514867,  0.180015  ],\n",
       "              [ 0.81464251,  0.04478882, -0.01514867,  1.60826997,  0.09121619],\n",
       "              [ 0.57581731, -0.98859524,  0.180015  ,  0.09121619,  2.21959804]]),\n",
       "       array([[ 2.92307888,  0.64182858,  0.17646988, -0.26480466, -0.12054108],\n",
       "              [ 0.64182858,  3.08519227,  0.31071616,  0.20633789,  0.31757446],\n",
       "              [ 0.17646988,  0.31071616,  2.24565946, -0.20483531, -0.07781368],\n",
       "              [-0.26480466,  0.20633789, -0.20483531,  1.17208624,  0.28083057],\n",
       "              [-0.12054108,  0.31757446, -0.07781368,  0.28083057,  1.80367383]]),\n",
       "       array([[ 2.17007511,  0.09836872,  0.541703  ,  0.13816692, -0.27099564],\n",
       "              [ 0.09836872,  1.94688199, -0.25091024, -0.78655427, -0.48688851],\n",
       "              [ 0.541703  , -0.25091024,  2.05695448, -0.41397497,  0.01220562],\n",
       "              [ 0.13816692, -0.78655427, -0.41397497,  2.44437186,  0.34168723],\n",
       "              [-0.27099564, -0.48688851,  0.01220562,  0.34168723,  1.96505997]]),\n",
       "       array([[ 2.16481943,  0.49916702, -0.5033304 , -0.32636066, -0.17871682],\n",
       "              [ 0.49916702,  1.70022288,  0.13299354,  0.57633266, -0.27616853],\n",
       "              [-0.5033304 ,  0.13299354,  2.06652913,  0.31305789,  0.30128768],\n",
       "              [-0.32636066,  0.57633266,  0.31305789,  2.58333034,  0.11361894],\n",
       "              [-0.17871682, -0.27616853,  0.30128768,  0.11361894,  2.65907209]]),\n",
       "       array([[ 2.27885375, -0.14568618, -0.44854162,  0.44445691,  0.07707247],\n",
       "              [-0.14568618,  3.02546286, -0.63855553, -0.1383037 ,  0.30403461],\n",
       "              [-0.44854162, -0.63855553,  2.62782974,  0.86727685,  0.56456884],\n",
       "              [ 0.44445691, -0.1383037 ,  0.86727685,  2.97758139, -0.37150932],\n",
       "              [ 0.07707247,  0.30403461,  0.56456884, -0.37150932,  2.32915311]]),\n",
       "       array([[ 1.40335192,  0.03495028, -0.05531259, -0.35594779,  0.45940737],\n",
       "              [ 0.03495028,  1.73249018, -0.27718077, -0.15560763,  0.41291728],\n",
       "              [-0.05531259, -0.27718077,  1.95348704,  0.25245467, -0.08667633],\n",
       "              [-0.35594779, -0.15560763,  0.25245467,  3.21155494,  0.37292751],\n",
       "              [ 0.45940737,  0.41291728, -0.08667633,  0.37292751,  2.09458074]]),\n",
       "       array([[ 2.35146214e+00,  1.48171397e-02,  4.40615908e-03,\n",
       "                5.52874728e-01,  1.68510233e-01],\n",
       "              [ 1.48171397e-02,  1.60262699e+00, -2.48353470e-01,\n",
       "                2.84267166e-01, -7.81283866e-01],\n",
       "              [ 4.40615908e-03, -2.48353470e-01,  2.09639853e+00,\n",
       "               -4.17441640e-01,  3.67435980e-04],\n",
       "              [ 5.52874728e-01,  2.84267166e-01, -4.17441640e-01,\n",
       "                2.73291409e+00,  2.40505804e-01],\n",
       "              [ 1.68510233e-01, -7.81283866e-01,  3.67435980e-04,\n",
       "                2.40505804e-01,  2.29073031e+00]])               ],\n",
       "      dtype=object)"
      ]
     },
     "execution_count": 313,
     "metadata": {},
     "output_type": "execute_result"
    }
   ],
   "source": [
    "gamma"
   ]
  },
  {
   "cell_type": "code",
   "execution_count": 315,
   "id": "f510ff2b-b9a7-4fcf-91fe-ac92ace4e24e",
   "metadata": {},
   "outputs": [
    {
     "data": {
      "text/plain": [
       "10"
      ]
     },
     "execution_count": 315,
     "metadata": {},
     "output_type": "execute_result"
    }
   ],
   "source": [
    "len(gamma)"
   ]
  },
  {
   "cell_type": "code",
   "execution_count": 317,
   "id": "738eac07-b8c1-4607-83c1-a5126ccb286d",
   "metadata": {},
   "outputs": [
    {
     "data": {
      "text/plain": [
       "array([4.35992488, 2.940218  , 2.37655269, 1.71749317, 1.        ])"
      ]
     },
     "execution_count": 317,
     "metadata": {},
     "output_type": "execute_result"
    }
   ],
   "source": [
    "np.linalg.eigvals(gamma[0])"
   ]
  },
  {
   "cell_type": "code",
   "execution_count": 319,
   "id": "012181b2-5519-48cf-a0ba-44bc4237d0a8",
   "metadata": {},
   "outputs": [
    {
     "name": "stdout",
     "output_type": "stream",
     "text": [
      "Input matrix 0 satisfy\n",
      "Input matrix 1 satisfy\n",
      "Input matrix 2 satisfy\n",
      "Input matrix 3 satisfy\n",
      "Input matrix 4 satisfy\n",
      "Input matrix 5 satisfy\n",
      "Input matrix 6 satisfy\n",
      "Input matrix 7 satisfy\n",
      "Input matrix 8 satisfy\n",
      "Input matrix 9 satisfy\n"
     ]
    }
   ],
   "source": [
    "# checking eigenvalue to ensure input matrix is PSD\n",
    "for i in range (len(gamma)):\n",
    "    eighen_val = np.linalg.eigvals(gamma[i])\n",
    "    if np.all(eighen_val >= 0):\n",
    "        print(f\"Input matrix {i} satisfy\")\n",
    "    else:\n",
    "        print(f\"Input matrix %s DOES not satisfy\",i)\n",
    "\n"
   ]
  },
  {
   "cell_type": "code",
   "execution_count": 321,
   "id": "bc593df0-e211-4e4b-bcb1-79b6d4148955",
   "metadata": {},
   "outputs": [],
   "source": [
    "# stopping criteria\n",
    "primal_residual = 1e-4\n",
    "dual_residual = 1e-3"
   ]
  },
  {
   "cell_type": "markdown",
   "id": "d2c2e6f9-fb16-4590-9668-531e9d3c5947",
   "metadata": {},
   "source": [
    "## Problem\n",
    "\n",
    "Consider the sharing problem of ADMM, perform with n agents collaborate to solve the global optimization problem as bellow. where the $x_i \\in R^n$ and hessian matrix $\\Gamma_i \\in R^{n x n}$, consider the $z_i$ is copy of $x_i$. The ADMM form of the problem can be written as:\n",
    "\n",
    "\\begin{aligned}\n",
    "\\min_{\\{x_i,z_i\\}} \\quad \n",
    "& \\sum_{i=1}^n (x_i-\\theta_i)^\\top \\Gamma_i (x_i-\\theta_i)\n",
    "\\;+\\; \\zeta\\left\\|\\sum_{i=1}^n z_i\\right\\|_1 \\\\\n",
    "\\text{s.t.}\\quad & x_i - z_i = 0,\\qquad i=1,\\dots,n.\n",
    "\\end{aligned}\n",
    "\n",
    "Here the $g(x_i)$ is the shared objective of our problem, $f_i(x_i)$ is the local cost function. Then the augumented largrangian function is considered as:"
   ]
  },
  {
   "cell_type": "code",
   "execution_count": 324,
   "id": "754f5f0c-1307-47f5-a88e-d6402d588dca",
   "metadata": {},
   "outputs": [],
   "source": [
    "# set the soft function to solve the z-update\n",
    "\n",
    "def soft_threshold(v, tau):\n",
    "    return np.sign(v) * np.maximum(np.abs(v) - tau, 0)"
   ]
  },
  {
   "cell_type": "code",
   "execution_count": 328,
   "id": "43b0f0dd-9c6b-480d-9ece-7e7c3d715eb2",
   "metadata": {},
   "outputs": [],
   "source": [
    "def cho_solve(L, b):\n",
    "    # solving linear system of x by cholesky decomp (L @ L^T) x = b\n",
    "    y = np.linalg.solve(L, b)\n",
    "    return np.linalg.solve(L.T, y)"
   ]
  },
  {
   "cell_type": "code",
   "execution_count": 330,
   "id": "3678b196-4f2d-4f13-a630-598efc25e166",
   "metadata": {},
   "outputs": [],
   "source": [
    "def stack_norm_sq(vecs):\n",
    "    #sum_i ||v_i||^2\n",
    "    return sum(np.dot(v, v) for v in vecs)"
   ]
  },
  {
   "cell_type": "markdown",
   "id": "29ff9a62-04af-4bb6-965b-48d2c2fc028d",
   "metadata": {},
   "source": [
    "### Define the solver ADMM"
   ]
  },
  {
   "cell_type": "code",
   "execution_count": 367,
   "id": "87294dec-f089-4724-8219-d595eb4259ff",
   "metadata": {},
   "outputs": [],
   "source": [
    "class Sharing_ADMM_L1Norm:\n",
    "    def __init__(self, gamma_list, theta_list, zeta=1.0, rho=1.0, eps_abs=1e-4, eps_rel=1e-3, max_iters=300):\n",
    "        \"\"\"\n",
    "        input: \n",
    "        + gamma: list of pxp PSD matrix\n",
    "        + theta: coresponding theta\n",
    "        + zeta: l1 weight\n",
    "        + rho: penalty for the augumented part\n",
    "        \"\"\"\n",
    "        self.N = len(gamma_list)\n",
    "        assert self.N == len(theta_list), \"number of theta and gamma missmach\"\n",
    "        self.p = theta_list[0].shape[0] #dimension input\n",
    "\n",
    "        #store data\n",
    "        self.G = [np.array(Gi, dtype=float) for Gi in gamma_list]\n",
    "        self.theta = [np.array(ti, dtype=float).reshape(-1) for ti in theta_list]\n",
    "        self.residual_storage = []\n",
    "\n",
    "        # hyper-params:\n",
    "        self.zeta = float(zeta)\n",
    "        self.rho = float(rho)\n",
    "        self.eps_abs  = float(eps_abs)\n",
    "        self.eps_rel  = float(eps_rel)\n",
    "        self.max_iters = int(max_iters)\n",
    "\n",
    "        # variable:\n",
    "        self.x = [np.zeros(self.p) for _ in range(self.N)] #store solution each iteration\n",
    "        self.z_blocks = [np.zeros(self.p) for _ in range(self.N)]\n",
    "        self.u_shared = np.zeros(self.p) #used when k >= 1\n",
    "\n",
    "        self.u_blocks0 = [np.zeros(self.p) for _ in range(self.N)] #use only for k = 0\n",
    "\n",
    "        self.z_global = np.zeros(self.p) #aggregated z\n",
    "\n",
    "        # does not change the rho so we can store the cholesky decomp\n",
    "        I = np.eye(self.p)\n",
    "        self.L = []\n",
    "\n",
    "        for i in range(self.N):\n",
    "            Ai = 2.0 * self.G[i] + self.rho * I ## as when solving the linear system of the optimizing the x\n",
    "            self.L.append(np.linalg.cholesky(Ai))\n",
    "\n",
    "    # since the admm with the random initialize of the \n",
    "    def first_iter(self):\n",
    "        # at the first iteration the update of x with the average value will not suitable hence we will optimize the x_i through normal\n",
    "        N, rho = self.N, self.rho\n",
    "\n",
    "        # x^i(k+1) -> sovlve (2G + rho*I)@x^k = 2G * theta + rho*(z_ik - u_ik)\n",
    "        for i in range(N):\n",
    "            rhs = 2.0 * self.G[i] @ self.theta[i] + rho * (self.z_blocks[i] - self.u_blocks0[i])\n",
    "            self.x[i] = cho_solve(self.L[i], rhs) #apply cho solve to solve the linear system\n",
    "\n",
    "        #calculate the z_bar\n",
    "        a = [self.x[i] + self.u_blocks0[i] for i in range(N)]\n",
    "        a_bar = sum(a) / N\n",
    "\n",
    "        tau = self.zeta / rho\n",
    "        self.z_global = soft_threshold(a_bar, tau)\n",
    "\n",
    "        for i in range(N):\n",
    "            self.z_blocks[i] = a[i] + (self.z_global - a_bar) # calculate each z_ik after solving the minimizer of g(n*z_bar) (7.13)\n",
    "\n",
    "        self.u_shared = a_bar - self.z_global #update the global multiplier\n",
    "\n",
    "\n",
    "    def step(self):\n",
    "        \"\"\"Continue with the x update using the mean formular\"\"\"\n",
    "        N, rho = self.N, self.rho\n",
    "\n",
    "        # x_update -> solve: (2*G + rho*I)@x_k+1 = 2*G@theta + rho(x_ik + z_bar_k - x_bar_k - u_bar_k)\n",
    "        x_bar = sum(self.x)/N\n",
    "\n",
    "        for i in range(N):\n",
    "            rhs = 2.0 * self.G[i] @ self.theta[i] + rho * (self.x[i] + self.z_global - x_bar - self.u_shared)\n",
    "            self.x[i] = cho_solve(self.L[i], rhs) #solving linear system for update x_i(k+1)\n",
    "\n",
    "        #update z^(k+1): prox the average of a_i = x_i^k+1 + u^k\n",
    "        a = [self.x[i] + self.u_shared for i in range(N)] #using ushare since all the agetns shared the same u\n",
    "        a_bar = sum(a) / N\n",
    "\n",
    "        #update the z_bar same as before\n",
    "        tau = self.zeta / rho\n",
    "        self.z_global = soft_threshold(a_bar, tau)\n",
    "\n",
    "        #recover the block z_i for each agents\n",
    "        for i in range(N):\n",
    "            self.z_blocks[i] = a[i] + (self.z_global - a_bar)\n",
    "\n",
    "        self.u_shared = a_bar - self.z_global\n",
    "\n",
    "    def compute_eps_pri(self, xnorm, znorm):\n",
    "        #primal tolerance\n",
    "        return (self.N * self.p) ** 0.5 * self.eps_abs + self.eps_rel * max(xnorm, znorm)\n",
    "\n",
    "    def compute_eps_dual(self, unorm):\n",
    "        #dual tolerances\n",
    "        return (self.N * self.p) ** 0.5 * self.eps_abs + self.eps_rel * unorm\n",
    "\n",
    "    def residuals(self, z_prev_blocks):\n",
    "\n",
    "        #z_prev_blocks: list of previous z_i (same shapes as self.z_blocks)\n",
    "        N, rho = self.N, self.rho\n",
    "\n",
    "        \"\"\"\n",
    "        residual = ||x_i(k) - z_i(k)||_2\n",
    "        dual = rho * ||z - z_prev||_2\n",
    "        \"\"\"\n",
    "        r = np.sqrt(stack_norm_sq([self.x[i] - self.z_blocks[i] for i in range(N)]))\n",
    "        s = rho * np.sqrt(stack_norm_sq([self.z_blocks[i] - z_prev_blocks[i] for i in range(N)]))\n",
    "\n",
    "       # xnorm: ||x|| stacked\n",
    "       # znorm: ||z|| stacked\n",
    "       # unorm: ||rho*u|| stacked\n",
    "        xnorm = np.sqrt(stack_norm_sq(self.x))\n",
    "        znorm = np.sqrt(stack_norm_sq(self.z_blocks))\n",
    "        unorm = rho * np.sqrt(N) * np.linalg.norm(self.u_shared)\n",
    "    \n",
    "        return r, s, xnorm, znorm, unorm\n",
    "\n",
    "    def solve(self, verbose=True, log_every=1):\n",
    "        # run admm\n",
    "        N, p = self.N, self.p\n",
    "\n",
    "        # run first iter\n",
    "        self.first_iter()\n",
    "\n",
    "        # residual after first iter (use the previous z = 0)\n",
    "        zeros_prev = [np.zeros_like(z_b) for z_b in self.z_blocks]\n",
    "\n",
    "        r, s, xnorm, znorm, unorm = self.residuals(zeros_prev)\n",
    "        # store the current state residual\n",
    "        self.residual_storage.append(r)\n",
    "\n",
    "        # compute the eps_pri and eps_dual based on 3.1.1 Boyd book\n",
    "        eps_pri = self.compute_eps_pri(xnorm, znorm)\n",
    "        eps_dual = self.compute_eps_dual(unorm)\n",
    "\n",
    "        if verbose:\n",
    "            print(f\"iter {0}: r={r:.3e} (<= {eps_pri:.2e}) and s={s:.3e} (<= {eps_dual:.2e})\")\n",
    "\n",
    "        \n",
    "        if r <= eps_pri and s <= eps_dual:\n",
    "            return {\n",
    "                \"iters\": 0, \"r\": r, \"s\": s, \"eps_pri\": eps_pri, \"eps_dual\": eps_dual,\n",
    "                \"x\": [xi.copy() for xi in self.x],\n",
    "                \"z_blocks\": [zi.copy() for zi in self.z_blocks],\n",
    "                \"z_global\": self.z_global.copy(),\n",
    "                \"u\": self.u_shared.copy(),\n",
    "                \"rho\": self.rho, \"zeta\": self.zeta, \"N\": self.N, \"p\": self.p, \"r_history\": self.residual_storage\n",
    "            }\n",
    "        \n",
    "        # loop through the maxiter\n",
    "        \n",
    "        for k in range(1, self.max_iters + 1):\n",
    "            z_prev = [zb.copy() for zb in self.z_blocks]\n",
    "    \n",
    "            self.step()  # x_update -> z_bar -> u_global\n",
    "    \n",
    "            r, s, xnorm, znorm, unorm = self.residuals(z_prev)\n",
    "            self.residual_storage.append(r)\n",
    "            \n",
    "            eps_pri = self.compute_eps_pri(xnorm, znorm)\n",
    "            eps_dual = self.compute_eps_dual(unorm)\n",
    "    \n",
    "            if verbose and (k % log_every == 0 or (r <= eps_pri and s <= eps_dual)):\n",
    "                print(f\"iter {k}: r={r:.3e} (<= {eps_pri:.2e}) and  s={s:.3e} (<= {eps_dual:.2e})\")\n",
    "    \n",
    "            if r <= eps_pri and s <= eps_dual:\n",
    "                return {\n",
    "                    \"iters\": k, \"r\": r, \"s\": s, \"eps_pri\": eps_pri, \"eps_dual\": eps_dual,\n",
    "                    \"x\": [xi.copy() for xi in self.x],\n",
    "                    \"z_blocks\": [zi.copy() for zi in self.z_blocks],\n",
    "                    \"z_global\": self.z_global.copy(),\n",
    "                    \"u\": self.u_shared.copy(),\n",
    "                    \"rho\": self.rho, \"zeta\": self.zeta, \"N\": self.N, \"p\": self.p, \"r_history\": self.residual_storage\n",
    "                }\n",
    "    \n",
    "        # eeached max iters\n",
    "        return {\n",
    "            \"iters\": max_iters, \"r\": r, \"s\": s, \"eps_pri\": eps_pri, \"eps_dual\": eps_dual,\n",
    "            \"x\": [xi.copy() for xi in self.x],\n",
    "            \"z_blocks\": [zi.copy() for zi in self.z_blocks],\n",
    "            \"z_global\": self.z_global.copy(),\n",
    "            \"u\": self.u_shared.copy(),\n",
    "            \"rho\": self.rho, \"zeta\": self.zeta, \"N\": self.N, \"p\": self.p, \"r_history\": self.residual_storage\n",
    "        }"
   ]
  },
  {
   "cell_type": "code",
   "execution_count": 369,
   "id": "d8e0f236-d844-4935-ade3-fae5428968f5",
   "metadata": {},
   "outputs": [
    {
     "data": {
      "text/plain": [
       "[array([-0.17852813,  0.7153787 ,  0.19517506,  0.29875491,  0.5320894 ]),\n",
       " array([-0.27362192, -0.17850827,  0.60712618, -0.08319646, -0.9770042 ]),\n",
       " array([0.05438407, 0.05343432, 0.78738515, 0.8394045 , 0.29555986]),\n",
       " array([-0.46425133, -0.40881307,  0.90020841, -1.01051647, -0.41608655]),\n",
       " array([-0.29876981, -0.97303432, -0.13030898,  0.84163232, -0.13607176]),\n",
       " array([ 0.32310005, -0.0853381 ,  0.29883385, -0.56123652, -0.45507425]),\n",
       " array([-0.93785718, -0.00508059,  0.74581253, -0.25077998,  0.58160307]),\n",
       " array([-0.90521865, -0.06866871,  0.15387331,  0.97940446, -0.84982356]),\n",
       " array([ 0.73542477, -0.65872317, -1.08457338,  0.11500771, -0.35021237]),\n",
       " array([-0.96947065,  0.10047766, -0.51275792, -0.24494392,  0.70697477])]"
      ]
     },
     "execution_count": 369,
     "metadata": {},
     "output_type": "execute_result"
    }
   ],
   "source": [
    "theta_list = [theta[i].reshape(-1) for i in range(N)]\n",
    "theta_list"
   ]
  },
  {
   "cell_type": "code",
   "execution_count": 371,
   "id": "1e3b1510-d85b-41de-be87-72627b04f4eb",
   "metadata": {},
   "outputs": [
    {
     "name": "stdout",
     "output_type": "stream",
     "text": [
      "iter 0: r=1.182e+00 (<= 3.74e-04) and s=1.739e+00 (<= 6.62e-05)\n",
      "iter 1: r=1.000e+00 (<= 4.10e-04) and  s=2.256e-01 (<= 1.16e-04)\n",
      "iter 2: r=8.740e-01 (<= 4.14e-04) and  s=4.889e-02 (<= 1.60e-04)\n",
      "iter 3: r=7.675e-01 (<= 4.14e-04) and  s=2.639e-02 (<= 1.98e-04)\n",
      "iter 4: r=5.811e-01 (<= 4.13e-04) and  s=7.155e-02 (<= 2.27e-04)\n",
      "iter 5: r=3.961e-01 (<= 4.13e-04) and  s=1.684e-01 (<= 2.41e-04)\n",
      "iter 6: r=3.451e-01 (<= 4.13e-04) and  s=2.301e-02 (<= 2.54e-04)\n",
      "iter 7: r=3.008e-01 (<= 4.13e-04) and  s=1.036e-02 (<= 2.66e-04)\n",
      "iter 8: r=2.623e-01 (<= 4.13e-04) and  s=8.507e-03 (<= 2.76e-04)\n",
      "iter 9: r=1.853e-01 (<= 4.13e-04) and  s=3.437e-02 (<= 2.84e-04)\n",
      "iter 10: r=1.351e-01 (<= 4.13e-04) and  s=4.802e-02 (<= 2.88e-04)\n",
      "iter 11: r=1.178e-01 (<= 4.13e-04) and  s=6.570e-03 (<= 2.91e-04)\n",
      "iter 12: r=1.024e-01 (<= 4.13e-04) and  s=3.543e-03 (<= 2.95e-04)\n",
      "iter 13: r=8.902e-02 (<= 4.13e-04) and  s=3.072e-03 (<= 2.97e-04)\n",
      "iter 14: r=7.736e-02 (<= 4.13e-04) and  s=2.677e-03 (<= 3.00e-04)\n",
      "iter 15: r=6.722e-02 (<= 4.13e-04) and  s=2.328e-03 (<= 3.02e-04)\n",
      "iter 16: r=5.842e-02 (<= 4.13e-04) and  s=2.023e-03 (<= 3.04e-04)\n",
      "iter 17: r=5.078e-02 (<= 4.13e-04) and  s=1.758e-03 (<= 3.06e-04)\n",
      "iter 18: r=4.413e-02 (<= 4.13e-04) and  s=1.527e-03 (<= 3.07e-04)\n",
      "iter 19: r=3.836e-02 (<= 4.13e-04) and  s=1.327e-03 (<= 3.08e-04)\n",
      "iter 20: r=3.335e-02 (<= 4.13e-04) and  s=1.154e-03 (<= 3.10e-04)\n",
      "iter 21: r=2.900e-02 (<= 4.13e-04) and  s=1.003e-03 (<= 3.11e-04)\n",
      "iter 22: r=2.521e-02 (<= 4.13e-04) and  s=8.717e-04 (<= 3.11e-04)\n",
      "iter 23: r=2.192e-02 (<= 4.13e-04) and  s=7.578e-04 (<= 3.12e-04)\n",
      "iter 24: r=1.907e-02 (<= 4.13e-04) and  s=6.589e-04 (<= 3.13e-04)\n",
      "iter 25: r=1.658e-02 (<= 4.13e-04) and  s=5.730e-04 (<= 3.13e-04)\n",
      "iter 26: r=1.442e-02 (<= 4.13e-04) and  s=4.984e-04 (<= 3.14e-04)\n",
      "iter 27: r=1.255e-02 (<= 4.13e-04) and  s=4.335e-04 (<= 3.14e-04)\n",
      "iter 28: r=1.092e-02 (<= 4.13e-04) and  s=3.771e-04 (<= 3.15e-04)\n",
      "iter 29: r=9.498e-03 (<= 4.13e-04) and  s=3.281e-04 (<= 3.15e-04)\n",
      "iter 30: r=8.265e-03 (<= 4.13e-04) and  s=2.854e-04 (<= 3.15e-04)\n",
      "iter 31: r=7.193e-03 (<= 4.13e-04) and  s=2.484e-04 (<= 3.15e-04)\n",
      "iter 32: r=6.261e-03 (<= 4.13e-04) and  s=2.162e-04 (<= 3.16e-04)\n",
      "iter 33: r=5.450e-03 (<= 4.13e-04) and  s=1.882e-04 (<= 3.16e-04)\n",
      "iter 34: r=4.744e-03 (<= 4.13e-04) and  s=1.638e-04 (<= 3.16e-04)\n",
      "iter 35: r=4.131e-03 (<= 4.13e-04) and  s=1.426e-04 (<= 3.16e-04)\n",
      "iter 36: r=3.597e-03 (<= 4.13e-04) and  s=1.242e-04 (<= 3.16e-04)\n",
      "iter 37: r=3.133e-03 (<= 4.13e-04) and  s=1.082e-04 (<= 3.16e-04)\n",
      "iter 38: r=2.729e-03 (<= 4.13e-04) and  s=9.424e-05 (<= 3.16e-04)\n",
      "iter 39: r=2.377e-03 (<= 4.13e-04) and  s=8.210e-05 (<= 3.17e-04)\n",
      "iter 40: r=2.071e-03 (<= 4.13e-04) and  s=7.154e-05 (<= 3.17e-04)\n",
      "iter 41: r=1.804e-03 (<= 4.13e-04) and  s=6.235e-05 (<= 3.17e-04)\n",
      "iter 42: r=1.573e-03 (<= 4.13e-04) and  s=5.434e-05 (<= 3.17e-04)\n",
      "iter 43: r=1.371e-03 (<= 4.13e-04) and  s=4.737e-05 (<= 3.17e-04)\n",
      "iter 44: r=1.195e-03 (<= 4.13e-04) and  s=4.130e-05 (<= 3.17e-04)\n",
      "iter 45: r=1.042e-03 (<= 4.13e-04) and  s=3.602e-05 (<= 3.17e-04)\n",
      "iter 46: r=9.084e-04 (<= 4.13e-04) and  s=3.141e-05 (<= 3.17e-04)\n",
      "iter 47: r=7.922e-04 (<= 4.13e-04) and  s=2.740e-05 (<= 3.17e-04)\n",
      "iter 48: r=6.910e-04 (<= 4.13e-04) and  s=2.391e-05 (<= 3.17e-04)\n",
      "iter 49: r=6.029e-04 (<= 4.13e-04) and  s=2.086e-05 (<= 3.17e-04)\n",
      "iter 50: r=5.260e-04 (<= 4.13e-04) and  s=1.821e-05 (<= 3.17e-04)\n",
      "iter 51: r=4.590e-04 (<= 4.13e-04) and  s=1.590e-05 (<= 3.17e-04)\n",
      "iter 52: r=4.007e-04 (<= 4.13e-04) and  s=1.388e-05 (<= 3.17e-04)\n",
      "\n",
      "--- finised ---\n",
      "iters: 52\n",
      "r: 0.00040066699322291547  (<= eps_pri: 0.00041271253736206124 )\n",
      "s: 1.388044490553496e-05  (<= eps_dual: 0.0003170065164570942 )\n",
      "z_global: [-0.16431694 -0.          0.05350308  0.         -0.        ]\n"
     ]
    }
   ],
   "source": [
    "N = 10\n",
    "gamma_list = [gamma[i] for i in range(N)]      \n",
    "theta_list = [theta[i].reshape(-1) for i in range(N)]\n",
    "\n",
    "solver = Sharing_ADMM_L1Norm(gamma_list, theta_list, zeta=0.5, rho=0.5, eps_abs=1e-6, eps_rel=1e-4, max_iters=200)\n",
    "\n",
    "result = solver.solve(\n",
    "    verbose=True,\n",
    "    log_every=1\n",
    ")\n",
    "\n",
    "print(\"\\n--- finised ---\")\n",
    "print(\"iters:\", result[\"iters\"])\n",
    "print(\"r:\", result[\"r\"], \" (<= eps_pri:\", result[\"eps_pri\"], \")\")\n",
    "print(\"s:\", result[\"s\"], \" (<= eps_dual:\", result[\"eps_dual\"], \")\")\n",
    "print(\"z_global:\", result[\"z_global\"])"
   ]
  },
  {
   "cell_type": "code",
   "execution_count": 373,
   "id": "f14cb206-5825-4c86-83ce-e7801eef2661",
   "metadata": {},
   "outputs": [
    {
     "data": {
      "text/plain": [
       "[array([-0.09163245,  0.85654972,  0.10726647,  0.19973164,  0.6279028 ]),\n",
       " array([-0.04347161,  0.08952808,  0.46428381, -0.1424551 , -0.87899512]),\n",
       " array([0.18419127, 0.21947229, 0.57448355, 0.83352379, 0.42927146]),\n",
       " array([-0.31236126, -0.26698426,  0.64835628, -1.19937903, -0.28834926]),\n",
       " array([-0.23540865, -0.88989539, -0.27135342,  0.65639747, -0.03045939]),\n",
       " array([ 0.50335107,  0.0097196 ,  0.12128098, -0.65683349, -0.30333753]),\n",
       " array([-0.90078219,  0.18706828,  0.61981039, -0.33949256,  0.68537798]),\n",
       " array([-0.79848003, -0.00338644,  0.09082773,  0.9403778 , -0.78059974]),\n",
       " array([ 0.89427673, -0.54195801, -1.18787991,  0.09460384, -0.32840636]),\n",
       " array([-0.84285227,  0.33905629, -0.63204511, -0.38558268,  0.86724638])]"
      ]
     },
     "execution_count": 373,
     "metadata": {},
     "output_type": "execute_result"
    }
   ],
   "source": [
    "result[\"x\"]"
   ]
  },
  {
   "cell_type": "code",
   "execution_count": 375,
   "id": "2ce4c413-840e-4187-a0b6-91a3e273284f",
   "metadata": {},
   "outputs": [
    {
     "data": {
      "text/plain": [
       "[array([-0.09163245,  0.8566327 ,  0.10726647,  0.19964247,  0.62793768]),\n",
       " array([-0.04347161,  0.08961106,  0.46428381, -0.14254427, -0.87896024]),\n",
       " array([0.18419127, 0.21955527, 0.57448355, 0.83343462, 0.42930634]),\n",
       " array([-0.31236126, -0.26690127,  0.64835628, -1.1994682 , -0.28831438]),\n",
       " array([-0.23540865, -0.88981241, -0.27135342,  0.6563083 , -0.03042451]),\n",
       " array([ 0.50335107,  0.00980259,  0.12128098, -0.65692265, -0.30330265]),\n",
       " array([-0.90078219,  0.18715127,  0.61981039, -0.33958173,  0.68541286]),\n",
       " array([-0.79848003, -0.00330346,  0.09082773,  0.94028863, -0.78056486]),\n",
       " array([ 0.89427673, -0.54187503, -1.18787991,  0.09451467, -0.32837148]),\n",
       " array([-0.84285227,  0.33913928, -0.63204511, -0.38567184,  0.86728125])]"
      ]
     },
     "execution_count": 375,
     "metadata": {},
     "output_type": "execute_result"
    }
   ],
   "source": [
    "result[\"z_blocks\"]"
   ]
  },
  {
   "cell_type": "code",
   "execution_count": 377,
   "id": "47604a8c-1bbe-474a-8fbd-4ff036f22ca3",
   "metadata": {},
   "outputs": [
    {
     "data": {
      "text/plain": [
       "array([-0.16431694, -0.        ,  0.05350308,  0.        , -0.        ])"
      ]
     },
     "execution_count": 377,
     "metadata": {},
     "output_type": "execute_result"
    }
   ],
   "source": [
    "result[\"z_global\"]"
   ]
  },
  {
   "cell_type": "code",
   "execution_count": 345,
   "id": "460be2f9-ae7c-45a9-8c17-e56230d3d365",
   "metadata": {},
   "outputs": [
    {
     "data": {
      "text/plain": [
       "array([-1.        , -0.99463862,  1.        ,  0.63275071, -0.6728446 ])"
      ]
     },
     "execution_count": 345,
     "metadata": {},
     "output_type": "execute_result"
    }
   ],
   "source": [
    "result[\"u\"]"
   ]
  },
  {
   "cell_type": "code",
   "execution_count": 349,
   "id": "b699362e-8b5d-4d68-8a57-8dd806217093",
   "metadata": {},
   "outputs": [
    {
     "data": {
      "text/plain": [
       "array([-0.01510257,  0.16549123,  0.27821473, -0.17339089, -0.14127452,\n",
       "        0.64848324, -0.77422288, -0.68975591,  1.0946028 , -0.72977198])"
      ]
     },
     "execution_count": 349,
     "metadata": {},
     "output_type": "execute_result"
    }
   ],
   "source": [
    "data[\"solution\"][0]"
   ]
  },
  {
   "cell_type": "code",
   "execution_count": 357,
   "id": "a65dc436-395b-4af9-a595-9ab1624660c7",
   "metadata": {},
   "outputs": [
    {
     "data": {
      "text/plain": [
       "[1.1818439236308413,\n",
       " 1.000368291993338,\n",
       " 0.8740124184764834,\n",
       " 0.7674838093092251,\n",
       " 0.5810940709970177,\n",
       " 0.3960629965144149,\n",
       " 0.3450724798589001,\n",
       " 0.30075023583095134,\n",
       " 0.2622544643658491,\n",
       " 0.18532825079095366,\n",
       " 0.13512027169591118,\n",
       " 0.11784066083733499,\n",
       " 0.10244716786864341,\n",
       " 0.08902321559606027,\n",
       " 0.07735655317026675,\n",
       " 0.06722268027185688,\n",
       " 0.05842064265459598,\n",
       " 0.0507750751573117,\n",
       " 0.04413362616837453,\n",
       " 0.038364041025647486,\n",
       " 0.03335152320848216,\n",
       " 0.028996427943525315,\n",
       " 0.025212258706463344,\n",
       " 0.021923928735103737,\n",
       " 0.0190662527535117,\n",
       " 0.016582638424638575,\n",
       " 0.014423951050493216,\n",
       " 0.0125475285483972,\n",
       " 0.010916326780763349,\n",
       " 0.009498177960416871,\n",
       " 0.008265147146688587,\n",
       " 0.00719297383605937,\n",
       " 0.006260587375413523,\n",
       " 0.005449686421292267,\n",
       " 0.004744373965155647,\n",
       " 0.0041308405691939856,\n",
       " 0.003597089432362849,\n",
       " 0.0031326977520754686,\n",
       " 0.002728609580431261,\n",
       " 0.0023769560100070693,\n",
       " 0.002070899075959747,\n",
       " 0.0018044962397357283,\n",
       " 0.001572582734741443,\n",
       " 0.001370669414362072,\n",
       " 0.0011948540550084038,\n",
       " 0.0010417443377694236,\n",
       " 0.0009083909672356668,\n",
       " 0.0007922295899249315,\n",
       " 0.000691030351594111,\n",
       " 0.0006028540861395263,\n",
       " 0.0005260142619102953,\n",
       " 0.0004590439267394517,\n",
       " 0.00040066699322291547]"
      ]
     },
     "execution_count": 357,
     "metadata": {},
     "output_type": "execute_result"
    }
   ],
   "source": [
    "result[\"r_history\"]"
   ]
  },
  {
   "cell_type": "code",
   "execution_count": 365,
   "id": "7b5351a1-7bef-432b-80bb-e715f24e0100",
   "metadata": {},
   "outputs": [
    {
     "data": {
