{
 "cells": [
  {
   "cell_type": "code",
   "execution_count": 77,
   "id": "91be990f-8a2e-4d5a-940a-86300db7958f",
   "metadata": {},
   "outputs": [],
   "source": [
    "# this note book contain the implementation code for sharing problem in admm\n",
    "# problem: minimize sum f_i(xi) + sigma*norm1(sum x_i)"
   ]
  },
  {
   "cell_type": "code",
   "execution_count": 78,
   "id": "8eba710a-d2ed-4766-95f1-da649fd269fa",
   "metadata": {},
   "outputs": [],
   "source": [
    "# data loading function x"
   ]
  },
  {
   "cell_type": "code",
   "execution_count": 79,
   "id": "1b8df1de-19fe-4346-b2b0-c11aaa7c78f3",
   "metadata": {},
   "outputs": [],
   "source": [
    "import scipy\n",
    "import numpy as np"
   ]
  },
  {
   "cell_type": "code",
   "execution_count": 80,
   "id": "1908d984-f296-4845-9056-39026fa4ea87",
   "metadata": {},
   "outputs": [],
   "source": [
    "data = scipy.io.loadmat(\".//data//10 Agents//p5//Set1\")"
   ]
  },
  {
   "cell_type": "code",
   "execution_count": 81,
   "id": "8b453096-6508-4caa-8e11-4458a1ec7bd9",
   "metadata": {},
   "outputs": [],
   "source": [
    "#extract data\n",
    "gamma = data['Phi'][0] ## function hessian (include 10: 5x5 matrix)\n",
    "theta = data['theta'][0] ## theta fi_xi = (xi-theta_i) @ phi @ (xi-theta)\n",
    "# J_solver = data['J_solver'] \n",
    "solution = data['solution']"
   ]
  },
  {
   "cell_type": "code",
   "execution_count": 82,
   "id": "cf981ac1-44a0-4553-bbba-821e575770af",
   "metadata": {},
   "outputs": [
    {
     "data": {
      "text/plain": [
       "5"
      ]
     },
     "execution_count": 82,
     "metadata": {},
     "output_type": "execute_result"
    }
   ],
   "source": [
    "theta[0].shape[0]"
   ]
  },
  {
   "cell_type": "code",
   "execution_count": 83,
   "id": "c8d53ac8-6ba6-4f7b-8de8-f77c3712ca77",
   "metadata": {},
   "outputs": [
    {
     "data": {
      "text/plain": [
       "array([array([[ 3.05271894,  0.00511058,  0.75442126,  0.10518988,  0.39036285],\n",
       "              [ 0.00511058,  1.2829242 ,  0.31232697, -0.23996578,  0.16239734],\n",
       "              [ 0.75442126,  0.31232697,  2.35086902,  0.16726005,  0.02007351],\n",
       "              [ 0.10518988, -0.23996578,  0.16726005,  3.4452551 ,  0.2774467 ],\n",
       "              [ 0.39036285,  0.16239734,  0.02007351,  0.2774467 ,  1.44179101]]),\n",
       "       array([[ 1.8543407 ,  0.29833952, -0.93124254,  0.43258215,  0.1533364 ],\n",
       "              [ 0.29833952,  2.96153576,  0.58298475,  0.14334996,  0.05268313],\n",
       "              [-0.93124254,  0.58298475,  3.04529189,  0.52067856,  0.04610029],\n",
       "              [ 0.43258215,  0.14334996,  0.52067856,  3.00197641,  0.05121138],\n",
       "              [ 0.1533364 ,  0.05268313,  0.04610029,  0.05121138,  2.77931379]]),\n",
       "       array([[ 2.25733269, -0.27961669, -0.41232016,  0.43519568, -0.44246965],\n",
       "              [-0.27961669,  3.44965339,  0.55044586,  0.2410538 ,  0.83532871],\n",
       "              [-0.41232016,  0.55044586,  2.92319311,  0.64979917,  0.04246391],\n",
       "              [ 0.43519568,  0.2410538 ,  0.64979917,  1.88880096,  0.51896183],\n",
       "              [-0.44246965,  0.83532871,  0.04246391,  0.51896183,  2.61136996]]),\n",
       "       array([[ 2.3162043 ,  0.47109721,  0.39126071,  0.07936733,  0.14884191],\n",
       "              [ 0.47109721,  2.35926857, -0.03814007,  0.90463377,  0.09106382],\n",
       "              [ 0.39126071, -0.03814007,  3.23690966,  0.39541936,  0.34342952],\n",
       "              [ 0.07936733,  0.90463377,  0.39541936,  2.88305233, -0.71826631],\n",
       "              [ 0.14884191,  0.09106382,  0.34342952, -0.71826631,  1.6790019 ]]),\n",
       "       array([[ 2.67744044,  0.04384607,  0.45199558, -0.1558615 , -0.29199355],\n",
       "              [ 0.04384607,  1.80723233, -0.12854266,  0.39525117,  0.20850135],\n",
       "              [ 0.45199558, -0.12854266,  1.9777836 , -0.48133815, -0.54308229],\n",
       "              [-0.1558615 ,  0.39525117, -0.48133815,  1.67509379, -0.13481467],\n",
       "              [-0.29199355,  0.20850135, -0.54308229, -0.13481467,  2.03342309]]),\n",
       "       array([[ 2.8401165 ,  0.92441524, -0.40811266, -0.79070517,  0.42742802],\n",
       "              [ 0.92441524,  1.93460119, -0.6153697 ,  0.39126504,  0.02105793],\n",
       "              [-0.40811266, -0.6153697 ,  2.39354664, -0.05346008,  0.48648723],\n",
       "              [-0.79070517,  0.39126504, -0.05346008,  2.88796187, -0.36823291],\n",
       "              [ 0.42742802,  0.02105793,  0.48648723, -0.36823291,  2.68633481]]),\n",
       "       array([[ 1.62597015,  0.15952892,  0.06032107, -0.78918944, -0.01510393],\n",
       "              [ 0.15952892,  2.97485312,  0.15442836,  0.54937331, -0.1215293 ],\n",
       "              [ 0.06032107,  0.15442836,  2.8934848 ,  0.22226851, -0.49525625],\n",
       "              [-0.78918944,  0.54937331,  0.22226851,  2.43436422, -0.35767433],\n",
       "              [-0.01510393, -0.1215293 , -0.49525625, -0.35767433,  1.74957693]]),\n",
       "       array([[ 2.07707566, -0.24550892,  0.52058711, -0.24046689,  0.41133985],\n",
       "              [-0.24550892,  1.41698191, -0.03893037, -0.10577448, -0.5907571 ],\n",
       "              [ 0.52058711, -0.03893037,  3.21692863, -0.92447083, -0.3531624 ],\n",
       "              [-0.24046689, -0.10577448, -0.92447083,  1.68054887,  0.56776714],\n",
       "              [ 0.41133985, -0.5907571 , -0.3531624 ,  0.56776714,  2.21983206]]),\n",
       "       array([[ 1.83485795e+00, -5.78628430e-02, -1.21794079e-01,\n",
       "               -5.95184474e-01,  8.76645324e-01],\n",
       "              [-5.78628430e-02,  1.40341631e+00, -2.53267953e-01,\n",
       "                6.77907879e-01,  1.04911161e-01],\n",
       "              [-1.21794079e-01, -2.53267953e-01,  1.64514807e+00,\n",
       "                2.42184630e-03, -1.78438167e-01],\n",
       "              [-5.95184474e-01,  6.77907879e-01,  2.42184630e-03,\n",
       "                2.78517642e+00,  2.12307682e-02],\n",
       "              [ 8.76645324e-01,  1.04911161e-01, -1.78438167e-01,\n",
       "                2.12307682e-02,  3.11601411e+00]])               ,\n",
       "       array([[ 1.95991249,  0.07108392,  0.2902007 ,  0.9681583 , -0.43979708],\n",
       "              [ 0.07108392,  2.13219029, -0.54794204, -0.03815719, -0.04509185],\n",
       "              [ 0.2902007 , -0.54794204,  2.11290618, -0.46556361,  0.33046115],\n",
       "              [ 0.9681583 , -0.03815719, -0.46556361,  3.60702349,  0.01196869],\n",
       "              [-0.43979708, -0.04509185,  0.33046115,  0.01196869,  2.75828523]])],\n",
       "      dtype=object)"
      ]
     },
     "execution_count": 83,
     "metadata": {},
     "output_type": "execute_result"
    }
   ],
   "source": [
    "gamma"
   ]
  },
  {
   "cell_type": "code",
   "execution_count": 84,
   "id": "f510ff2b-b9a7-4fcf-91fe-ac92ace4e24e",
   "metadata": {},
   "outputs": [
    {
     "data": {
      "text/plain": [
       "10"
      ]
     },
     "execution_count": 84,
     "metadata": {},
     "output_type": "execute_result"
    }
   ],
   "source": [
    "len(gamma)"
   ]
  },
  {
   "cell_type": "code",
   "execution_count": 85,
   "id": "738eac07-b8c1-4607-83c1-a5126ccb286d",
   "metadata": {},
   "outputs": [
    {
     "data": {
      "text/plain": [
       "array([3.75700541, 3.34843866, 1.99678225, 1.        , 1.47133195])"
      ]
     },
     "execution_count": 85,
     "metadata": {},
     "output_type": "execute_result"
    }
   ],
   "source": [
    "np.linalg.eigvals(gamma[0])"
   ]
  },
  {
   "cell_type": "code",
   "execution_count": 86,
   "id": "012181b2-5519-48cf-a0ba-44bc4237d0a8",
   "metadata": {},
   "outputs": [
    {
     "name": "stdout",
     "output_type": "stream",
     "text": [
      "Input matrix 0 satisfy\n",
      "Input matrix 1 satisfy\n",
      "Input matrix 2 satisfy\n",
      "Input matrix 3 satisfy\n",
      "Input matrix 4 satisfy\n",
      "Input matrix 5 satisfy\n",
      "Input matrix 6 satisfy\n",
      "Input matrix 7 satisfy\n",
      "Input matrix 8 satisfy\n",
      "Input matrix 9 satisfy\n"
     ]
    }
   ],
   "source": [
    "# checking eigenvalue to ensure input matrix is PSD\n",
    "for i in range (len(gamma)):\n",
    "    eighen_val = np.linalg.eigvals(gamma[i])\n",
    "    if np.all(eighen_val >= 0):\n",
    "        print(f\"Input matrix {i} satisfy\")\n",
    "    else:\n",
    "        print(f\"Input matrix %s DOES not satisfy\",i)\n",
    "\n"
   ]
  },
  {
   "cell_type": "code",
   "execution_count": 87,
   "id": "bc593df0-e211-4e4b-bcb1-79b6d4148955",
   "metadata": {},
   "outputs": [],
   "source": [
    "# stopping criteria\n",
    "primal_residual = 1e-4\n",
    "dual_residual = 1e-3"
   ]
  },
  {
   "cell_type": "markdown",
   "id": "d2c2e6f9-fb16-4590-9668-531e9d3c5947",
   "metadata": {},
   "source": [
    "## Problem\n",
    "\n",
    "Consider the sharing problem of ADMM, perform with n agents collaborate to solve the global optimization problem as bellow. where the $x_i \\in R^n$ and hessian matrix $\\Gamma_i \\in R^{n x n}$, consider the $z_i$ is copy of $x_i$. The ADMM form of the problem can be written as:\n",
    "\n",
    "\\begin{aligned}\n",
    "\\min_{\\{x_i,z_i\\}} \\quad \n",
    "& \\sum_{i=1}^n (x_i-\\theta_i)^\\top \\Gamma_i (x_i-\\theta_i)\n",
    "\\;+\\; \\zeta\\left\\|\\sum_{i=1}^n z_i\\right\\|_1 \\\\\n",
    "\\text{s.t.}\\quad & x_i - z_i = 0,\\qquad i=1,\\dots,n.\n",
    "\\end{aligned}\n",
    "\n",
    "Here the $g(x_i)$ is the shared objective of our problem, $f_i(x_i)$ is the local cost function. Then the augumented largrangian function is considered as:"
   ]
  },
  {
   "cell_type": "code",
   "execution_count": 89,
   "id": "754f5f0c-1307-47f5-a88e-d6402d588dca",
   "metadata": {},
   "outputs": [],
   "source": [
    "# set the soft function to solve the z-update\n",
    "\n",
    "def soft_threshold(v, tau):\n",
    "    return np.sign(v) * np.maximum(np.abs(v) - tau, 0)"
   ]
  },
  {
   "cell_type": "code",
   "execution_count": 90,
   "id": "43b0f0dd-9c6b-480d-9ece-7e7c3d715eb2",
   "metadata": {},
   "outputs": [],
   "source": [
    "def cho_solve(L, b):\n",
    "    # solving linear system of x by cholesky decomp (L @ L^T) x = b\n",
    "    y = np.linalg.solve(L, b)\n",
    "    return np.linalg.solve(L.T, y)"
   ]
  },
  {
   "cell_type": "code",
   "execution_count": 91,
   "id": "3678b196-4f2d-4f13-a630-598efc25e166",
   "metadata": {},
   "outputs": [],
   "source": [
    "def stack_norm_sq(vecs):\n",
    "    # norm 2 of a big vec\n",
    "    return sum(np.dot(v, v) for v in vecs)"
   ]
  },
  {
   "cell_type": "markdown",
   "id": "29ff9a62-04af-4bb6-965b-48d2c2fc028d",
   "metadata": {},
   "source": [
    "### Define the solver ADMM"
   ]
  },
  {
   "cell_type": "code",
   "execution_count": 93,
   "id": "87294dec-f089-4724-8219-d595eb4259ff",
   "metadata": {},
   "outputs": [],
   "source": [
    "class Sharing_ADMM_L1Norm:\n",
    "    def __init__(self, gamma_list, theta_list, zeta=1.0, rho=1.0, eps_abs=1e-4, eps_rel=1e-3, max_iters=300):\n",
    "        \"\"\"\n",
    "        input: \n",
    "        + gamma: list of pxp PSD matrix\n",
    "        + theta: coresponding theta\n",
    "        + zeta: l1 weight\n",
    "        + rho: penalty for the augumented part\n",
    "        \"\"\"\n",
    "        self.N = len(gamma_list)\n",
    "        assert self.N == len(theta_list), \"number of theta and gamma missmach\"\n",
    "        self.p = theta_list[0].shape[0] #dimension input\n",
    "\n",
    "        #store data\n",
    "        self.G = [np.array(Gi, dtype=float) for Gi in gamma_list]\n",
    "        self.theta = [np.array(ti, dtype=float).reshape(-1) for ti in theta_list]\n",
    "        self.residual_storage = []\n",
    "\n",
    "        # hyper-params:\n",
    "        self.zeta = float(zeta)\n",
    "        self.rho = float(rho)\n",
    "        self.eps_abs  = float(eps_abs)\n",
    "        self.eps_rel  = float(eps_rel)\n",
    "        self.max_iters = int(max_iters)\n",
    "\n",
    "        # variable:\n",
    "        self.x = [np.zeros(self.p) for _ in range(self.N)] #store solution each iteration\n",
    "        self.z_blocks = [np.zeros(self.p) for _ in range(self.N)] #set the z as zeros so we basically can using\n",
    "        # the form of the mean for z update naturally at the first place but if not -> we need to do the first iteration\n",
    "        # for update the x based on the modeling \n",
    "        self.u_shared = np.zeros(self.p) #used when k >= 1 \n",
    "\n",
    "        self.u_blocks0 = [np.zeros(self.p) for _ in range(self.N)] #use only for k = 0\n",
    "\n",
    "        self.z_global = np.zeros(self.p) #aggregated z\n",
    "\n",
    "        # does not change the rho so we can store the cholesky decomp\n",
    "        I = np.eye(self.p)\n",
    "        self.L = []\n",
    "\n",
    "        for i in range(self.N):\n",
    "            Ai = 2.0 * self.G[i] + self.rho * I ## as when solving the linear system of the optimizing the x\n",
    "            self.L.append(np.linalg.cholesky(Ai))\n",
    "\n",
    "    # since the admm with the random initialize of the \n",
    "    def first_iter(self):\n",
    "        # at the first iteration the update of x with the average value will not suitable hence we will optimize the x_i through normal\n",
    "        N, rho = self.N, self.rho\n",
    "\n",
    "        # x^i(k+1) -> sovlve (2G + rho*I)@x^k = 2G * theta + rho*(z_ik - u_ik)\n",
    "        for i in range(N):\n",
    "            rhs = 2.0 * self.G[i] @ self.theta[i] + rho * (self.z_blocks[i] - self.u_blocks0[i])\n",
    "            self.x[i] = cho_solve(self.L[i], rhs) #apply cho solve to solve the linear system\n",
    "\n",
    "        #calculate the z_bar\n",
    "        a = [self.x[i] + self.u_blocks0[i] for i in range(N)]\n",
    "        a_bar = sum(a) / N\n",
    "\n",
    "        # adapt the soft thresholding to solve the proximal problem\n",
    "        tau = self.zeta / rho\n",
    "        self.z_global = soft_threshold(a_bar, tau)\n",
    "\n",
    "        for i in range(N):\n",
    "            self.z_blocks[i] = a[i] + (self.z_global - a_bar) # calculate each z_ik after solving the minimizer of g(n*z_bar) (7.13)\n",
    "\n",
    "        self.u_shared = a_bar - self.z_global #update the global multiplier\n",
    "\n",
    "\n",
    "    def step(self):\n",
    "        \"\"\"Continue with the x update using the mean formular\"\"\"\n",
    "        N, rho = self.N, self.rho\n",
    "\n",
    "        # x_update -> solve: (2*G + rho*I)@x_k+1 = 2*G@theta + rho(x_ik + z_bar_k - x_bar_k - u_bar_k)\n",
    "        x_bar = sum(self.x)/N\n",
    "\n",
    "        for i in range(N):\n",
    "            rhs = 2.0 * self.G[i] @ self.theta[i] + rho * (self.x[i] + self.z_global - x_bar - self.u_shared)\n",
    "            self.x[i] = cho_solve(self.L[i], rhs) #solving linear system for update x_i(k+1)\n",
    "\n",
    "        #update z^(k+1): prox the average of a_i = x_i^k+1 + u^k\n",
    "        a = [self.x[i] + self.u_shared for i in range(N)] #using ushare since all the agetns shared the same u\n",
    "        a_bar = sum(a) / N\n",
    "\n",
    "        #update the z_bar same as before\n",
    "        tau = self.zeta / rho\n",
    "        self.z_global = soft_threshold(a_bar, tau)\n",
    "\n",
    "        #recover the block z_i for each agents\n",
    "        for i in range(N):\n",
    "            self.z_blocks[i] = a[i] + (self.z_global - a_bar)\n",
    "\n",
    "        self.u_shared = a_bar - self.z_global\n",
    "\n",
    "    def compute_eps_pri(self, xnorm, znorm):\n",
    "        #primal tolerance\n",
    "        return (self.N * self.p) ** 0.5 * self.eps_abs + self.eps_rel * max(xnorm, znorm)\n",
    "\n",
    "    def compute_eps_dual(self, unorm):\n",
    "        #dual tolerances\n",
    "        return (self.N * self.p) ** 0.5 * self.eps_abs + self.eps_rel * unorm\n",
    "\n",
    "    def residuals(self, z_prev_blocks):\n",
    "\n",
    "        #z_prev_blocks: list of previous z_i (same shapes as self.z_blocks)\n",
    "        N, rho = self.N, self.rho\n",
    "\n",
    "        \"\"\"\n",
    "        residual = ||x_i(k) - z_i(k)||_2\n",
    "        dual = rho * ||z - z_prev||_2\n",
    "        \"\"\"\n",
    "        r = np.sqrt(stack_norm_sq([self.x[i] - self.z_blocks[i] for i in range(N)]))\n",
    "        s = rho * np.sqrt(stack_norm_sq([self.z_blocks[i] - z_prev_blocks[i] for i in range(N)]))\n",
    "\n",
    "       # xnorm: ||x|| stacked - x in R_(N*p)\n",
    "       # znorm: ||z|| stacked - z in R_(N*p)\n",
    "       # unorm: ||rho*u|| stacked - u in R_(N*p)\n",
    "        xnorm = np.sqrt(stack_norm_sq(self.x))\n",
    "        znorm = np.sqrt(stack_norm_sq(self.z_blocks))\n",
    "        unorm = rho * np.sqrt(N) * np.linalg.norm(self.u_shared)\n",
    "    \n",
    "        return r, s, xnorm, znorm, unorm\n",
    "\n",
    "    def solve(self, verbose=True, log_every=1):\n",
    "        # run admm\n",
    "        N, p = self.N, self.p\n",
    "\n",
    "        # run first iter\n",
    "        self.first_iter()\n",
    "\n",
    "        # residual after first iter (use the previous z = 0)\n",
    "        zeros_prev = [np.zeros_like(z_b) for z_b in self.z_blocks]\n",
    "\n",
    "        r, s, xnorm, znorm, unorm = self.residuals(zeros_prev) #compute the residuals and norm needed to update the tolerance\n",
    "        # store the current state residual\n",
    "        self.residual_storage.append(r)\n",
    "\n",
    "        # compute the eps_pri and eps_dual based on 3.1.1 Boyd book\n",
    "        eps_pri = self.compute_eps_pri(xnorm, znorm)\n",
    "        \n",
    "        eps_dual = self.compute_eps_dual(unorm)\n",
    "\n",
    "        if verbose:\n",
    "            print(f\"iter {0}: r={r:.3e} - eps_pri {eps_pri:.2e}) and s={s:.3e} - eps_dual {eps_dual:.2e}\")\n",
    "\n",
    "        \n",
    "        if r <= eps_pri and s <= eps_dual:\n",
    "            return {\n",
    "                \"iters\": 0, \"r\": r, \"s\": s, \"eps_pri\": eps_pri, \"eps_dual\": eps_dual,\n",
    "                \"x\": [xi.copy() for xi in self.x],\n",
    "                \"z_blocks\": [zi.copy() for zi in self.z_blocks],\n",
    "                \"z_global\": self.z_global.copy(),\n",
    "                \"u\": self.u_shared.copy(),\n",
    "                \"rho\": self.rho, \"zeta\": self.zeta, \"N\": self.N, \"p\": self.p, \"r_history\": self.residual_storage\n",
    "            }\n",
    "        \n",
    "        # loop through the maxiter\n",
    "        \n",
    "        for k in range(1, self.max_iters + 1):\n",
    "            z_prev = [zb.copy() for zb in self.z_blocks]\n",
    "    \n",
    "            self.step()  # x_update -> z_bar -> u_global\n",
    "    \n",
    "            r, s, xnorm, znorm, unorm = self.residuals(z_prev)\n",
    "            self.residual_storage.append(r)\n",
    "            \n",
    "            eps_pri = self.compute_eps_pri(xnorm, znorm)\n",
    "            eps_dual = self.compute_eps_dual(unorm)\n",
    "    \n",
    "            if verbose and (k % log_every == 0 or (r <= eps_pri and s <= eps_dual)):\n",
    "                print(f\"iter {k}: r={r:.3e} - eps_pri {eps_pri:.2e}) and  s={s:.3e} - eps_dual {eps_dual:.2e}\")\n",
    "    \n",
    "            if r <= eps_pri and s <= eps_dual:\n",
    "                return {\n",
    "                    \"iters\": k, \"r\": r, \"s\": s, \"eps_pri\": eps_pri, \"eps_dual\": eps_dual,\n",
    "                    \"x\": [xi.copy() for xi in self.x],\n",
    "                    \"z_blocks\": [zi.copy() for zi in self.z_blocks],\n",
    "                    \"z_global\": self.z_global.copy(),\n",
    "                    \"u\": self.u_shared.copy(),\n",
    "                    \"rho\": self.rho, \"zeta\": self.zeta, \"N\": self.N, \"p\": self.p, \"r_history\": self.residual_storage\n",
    "                }\n",
    "    \n",
    "        # eeached max iters\n",
    "        return {\n",
    "            \"iters\": max_iters, \"r\": r, \"s\": s, \"eps_pri\": eps_pri, \"eps_dual\": eps_dual,\n",
    "            \"x\": [xi.copy() for xi in self.x],\n",
    "            \"z_blocks\": [zi.copy() for zi in self.z_blocks],\n",
    "            \"z_global\": self.z_global.copy(),\n",
    "            \"u\": self.u_shared.copy(),\n",
    "            \"rho\": self.rho, \"zeta\": self.zeta, \"N\": self.N, \"p\": self.p, \"r_history\": self.residual_storage\n",
    "        }"
   ]
  },
  {
   "cell_type": "code",
   "execution_count": 94,
   "id": "1e3b1510-d85b-41de-be87-72627b04f4eb",
   "metadata": {},
   "outputs": [
    {
     "name": "stdout",
     "output_type": "stream",
     "text": [
      "iter 0: r=3.420e-01 - eps_pri 1.31e-04) and s=1.196e+01 - eps_dual 3.49e-04\n",
      "iter 1: r=8.163e-02 - eps_pri 2.05e-04) and  s=7.811e+00 - eps_dual 4.29e-04\n",
      "iter 2: r=1.733e-02 - eps_pri 2.56e-04) and  s=5.195e+00 - eps_dual 4.34e-04\n",
      "iter 3: r=1.853e-02 - eps_pri 2.90e-04) and  s=3.542e+00 - eps_dual 4.22e-04\n",
      "iter 4: r=1.708e-02 - eps_pri 3.13e-04) and  s=2.490e+00 - eps_dual 4.09e-04\n",
      "iter 5: r=1.324e-02 - eps_pri 3.30e-04) and  s=1.807e+00 - eps_dual 4.00e-04\n",
      "iter 6: r=9.677e-03 - eps_pri 3.41e-04) and  s=1.352e+00 - eps_dual 3.93e-04\n",
      "iter 7: r=6.965e-03 - eps_pri 3.50e-04) and  s=1.038e+00 - eps_dual 3.88e-04\n",
      "iter 8: r=5.035e-03 - eps_pri 3.56e-04) and  s=8.133e-01 - eps_dual 3.85e-04\n",
      "iter 9: r=3.685e-03 - eps_pri 3.61e-04) and  s=6.472e-01 - eps_dual 3.83e-04\n",
      "iter 10: r=2.737e-03 - eps_pri 3.64e-04) and  s=5.208e-01 - eps_dual 3.81e-04\n",
      "iter 11: r=2.062e-03 - eps_pri 3.67e-04) and  s=4.225e-01 - eps_dual 3.80e-04\n",
      "iter 12: r=1.572e-03 - eps_pri 3.69e-04) and  s=3.446e-01 - eps_dual 3.79e-04\n",
      "iter 13: r=1.211e-03 - eps_pri 3.71e-04) and  s=2.822e-01 - eps_dual 3.79e-04\n",
      "iter 14: r=9.395e-04 - eps_pri 3.72e-04) and  s=2.318e-01 - eps_dual 3.79e-04\n",
      "iter 15: r=7.339e-04 - eps_pri 3.74e-04) and  s=1.909e-01 - eps_dual 3.78e-04\n",
      "iter 16: r=5.762e-04 - eps_pri 3.74e-04) and  s=1.574e-01 - eps_dual 3.78e-04\n",
      "iter 17: r=4.544e-04 - eps_pri 3.75e-04) and  s=1.299e-01 - eps_dual 3.78e-04\n",
      "iter 18: r=3.596e-04 - eps_pri 3.76e-04) and  s=1.074e-01 - eps_dual 3.78e-04\n",
      "iter 19: r=2.855e-04 - eps_pri 3.76e-04) and  s=8.882e-02 - eps_dual 3.78e-04\n",
      "iter 20: r=2.272e-04 - eps_pri 3.77e-04) and  s=7.352e-02 - eps_dual 3.78e-04\n",
      "iter 21: r=1.813e-04 - eps_pri 3.77e-04) and  s=6.088e-02 - eps_dual 3.78e-04\n",
      "iter 22: r=1.450e-04 - eps_pri 3.77e-04) and  s=5.045e-02 - eps_dual 3.78e-04\n",
      "iter 23: r=1.162e-04 - eps_pri 3.77e-04) and  s=4.181e-02 - eps_dual 3.78e-04\n",
      "iter 24: r=9.329e-05 - eps_pri 3.78e-04) and  s=3.467e-02 - eps_dual 3.78e-04\n",
      "iter 25: r=7.501e-05 - eps_pri 3.78e-04) and  s=2.876e-02 - eps_dual 3.78e-04\n",
      "iter 26: r=6.042e-05 - eps_pri 3.78e-04) and  s=2.386e-02 - eps_dual 3.78e-04\n",
      "iter 27: r=4.873e-05 - eps_pri 3.78e-04) and  s=1.980e-02 - eps_dual 3.78e-04\n",
      "iter 28: r=3.935e-05 - eps_pri 3.78e-04) and  s=1.644e-02 - eps_dual 3.78e-04\n",
      "iter 29: r=3.182e-05 - eps_pri 3.78e-04) and  s=1.365e-02 - eps_dual 3.78e-04\n",
      "iter 30: r=2.575e-05 - eps_pri 3.78e-04) and  s=1.134e-02 - eps_dual 3.78e-04\n",
      "iter 31: r=2.087e-05 - eps_pri 3.78e-04) and  s=9.415e-03 - eps_dual 3.78e-04\n",
      "iter 32: r=1.692e-05 - eps_pri 3.78e-04) and  s=7.821e-03 - eps_dual 3.78e-04\n",
      "iter 33: r=1.374e-05 - eps_pri 3.78e-04) and  s=6.498e-03 - eps_dual 3.78e-04\n",
      "iter 34: r=1.116e-05 - eps_pri 3.78e-04) and  s=5.400e-03 - eps_dual 3.78e-04\n",
      "iter 35: r=9.070e-06 - eps_pri 3.78e-04) and  s=4.488e-03 - eps_dual 3.78e-04\n",
      "iter 36: r=7.378e-06 - eps_pri 3.78e-04) and  s=3.730e-03 - eps_dual 3.78e-04\n",
      "iter 37: r=6.005e-06 - eps_pri 3.78e-04) and  s=3.101e-03 - eps_dual 3.78e-04\n",
      "iter 38: r=4.890e-06 - eps_pri 3.78e-04) and  s=2.578e-03 - eps_dual 3.78e-04\n",
      "iter 39: r=3.984e-06 - eps_pri 3.78e-04) and  s=2.144e-03 - eps_dual 3.78e-04\n",
      "iter 40: r=3.247e-06 - eps_pri 3.78e-04) and  s=1.782e-03 - eps_dual 3.78e-04\n",
      "iter 41: r=2.648e-06 - eps_pri 3.78e-04) and  s=1.482e-03 - eps_dual 3.78e-04\n",
      "iter 42: r=2.160e-06 - eps_pri 3.78e-04) and  s=1.233e-03 - eps_dual 3.78e-04\n",
      "iter 43: r=1.763e-06 - eps_pri 3.78e-04) and  s=1.025e-03 - eps_dual 3.78e-04\n",
      "iter 44: r=1.439e-06 - eps_pri 3.78e-04) and  s=8.530e-04 - eps_dual 3.78e-04\n",
      "iter 45: r=1.175e-06 - eps_pri 3.78e-04) and  s=7.096e-04 - eps_dual 3.78e-04\n",
      "iter 46: r=9.597e-07 - eps_pri 3.78e-04) and  s=5.903e-04 - eps_dual 3.78e-04\n",
      "iter 47: r=7.841e-07 - eps_pri 3.78e-04) and  s=4.911e-04 - eps_dual 3.78e-04\n",
      "iter 48: r=6.407e-07 - eps_pri 3.78e-04) and  s=4.086e-04 - eps_dual 3.78e-04\n",
      "iter 49: r=5.237e-07 - eps_pri 3.78e-04) and  s=3.400e-04 - eps_dual 3.78e-04\n",
      "\n",
      "--- finised ---\n",
      "iters: 49\n",
      "r: 5.237076501076962e-07  (<= eps_pri: 0.00037841716601381845 )\n",
      "s: 0.000340031844698675  (<= eps_dual: 0.0003779448996605629 )\n",
      "z_global: [-0.  0.  0.  0.  0.]\n"
     ]
    }
   ],
   "source": [
    "N = 10\n",
    "gamma_list = [gamma[i] for i in range(N)]      \n",
    "theta_list = [theta[i].reshape(-1) for i in range(N)]\n",
    "\n",
    "solver = Sharing_ADMM_L1Norm(gamma_list, theta_list, zeta=1.0, rho=10, eps_abs=1e-6, eps_rel=1e-4, max_iters=250)\n",
    "\n",
    "result = solver.solve(\n",
    "    verbose=True,\n",
    "    log_every=1\n",
    ")\n",
    "\n",
    "print(\"\\n--- finised ---\")\n",
    "print(\"iters:\", result[\"iters\"])\n",
    "print(\"r:\", result[\"r\"], \" (<= eps_pri:\", result[\"eps_pri\"], \")\")\n",
    "print(\"s:\", result[\"s\"], \" (<= eps_dual:\", result[\"eps_dual\"], \")\")\n",
    "print(\"z_global:\", result[\"z_global\"])"
   ]
  },
  {
   "cell_type": "code",
   "execution_count": 95,
   "id": "f14cb206-5825-4c86-83ce-e7801eef2661",
   "metadata": {},
   "outputs": [
    {
     "data": {
      "text/plain": [
       "[array([ 0.15778053, -0.57297431, -0.97586966,  0.50040946, -0.14865799]),\n",
       " array([-0.1389141 ,  0.08996526,  0.94401342,  0.05513399, -0.27775439]),\n",
       " array([ 0.02078361, -0.13790289,  1.13610098, -0.67017721,  0.68254937]),\n",
       " array([ 0.4634573 ,  0.22389979, -0.5667521 ,  0.23525933,  0.22513185]),\n",
       " array([ 0.29590933, -0.8992399 ,  0.8450037 , -0.35160857, -0.94311579]),\n",
       " array([-0.51160225,  0.56711586,  0.74681316, -0.40405267, -0.0080443 ]),\n",
       " array([ 0.43343427,  0.83764949, -0.60985014,  0.00909794,  0.54083706]),\n",
       " array([-0.18127947, -0.09780837, -0.65471559,  0.27151856, -0.8334769 ]),\n",
       " array([-0.38656347, -0.12171485, -0.59996435,  0.31601769,  0.90677495]),\n",
       " array([-0.15300513,  0.11101048, -0.264778  ,  0.03840162, -0.14424369])]"
      ]
     },
     "execution_count": 95,
     "metadata": {},
     "output_type": "execute_result"
    }
   ],
   "source": [
    "result[\"x\"]"
   ]
  },
  {
   "cell_type": "code",
   "execution_count": 96,
   "id": "2ce4c413-840e-4187-a0b6-91a3e273284f",
   "metadata": {},
   "outputs": [
    {
     "data": {
      "text/plain": [
       "[array([ 0.15778047, -0.57297436, -0.9758698 ,  0.50040944, -0.14865801]),\n",
       " array([-0.13891416,  0.0899652 ,  0.94401328,  0.05513397, -0.27775441]),\n",
       " array([ 0.02078355, -0.13790295,  1.13610084, -0.67017722,  0.68254935]),\n",
       " array([ 0.46345724,  0.22389973, -0.56675224,  0.23525932,  0.22513184]),\n",
       " array([ 0.29590927, -0.89923996,  0.84500356, -0.35160858, -0.94311581]),\n",
       " array([-0.51160231,  0.56711581,  0.74681301, -0.40405268, -0.00804432]),\n",
       " array([ 0.43343421,  0.83764943, -0.60985028,  0.00909793,  0.54083704]),\n",
       " array([-0.18127953, -0.09780843, -0.65471573,  0.27151854, -0.83347692]),\n",
       " array([-0.38656353, -0.1217149 , -0.59996449,  0.31601768,  0.90677493]),\n",
       " array([-0.15300519,  0.11101042, -0.26477814,  0.03840161, -0.14424371])]"
      ]
     },
     "execution_count": 96,
     "metadata": {},
     "output_type": "execute_result"
    }
   ],
   "source": [
    "result[\"z_blocks\"]"
   ]
  },
  {
   "cell_type": "code",
   "execution_count": 97,
   "id": "47604a8c-1bbe-474a-8fbd-4ff036f22ca3",
   "metadata": {},
   "outputs": [
    {
     "data": {
      "text/plain": [
       "array([-0.,  0.,  0.,  0.,  0.])"
      ]
     },
     "execution_count": 97,
     "metadata": {},
     "output_type": "execute_result"
    }
   ],
   "source": [
    "result[\"z_global\"]"
   ]
  },
  {
   "cell_type": "code",
   "execution_count": 98,
   "id": "460be2f9-ae7c-45a9-8c17-e56230d3d365",
   "metadata": {},
   "outputs": [
    {
     "data": {
      "text/plain": [
       "array([-0.09139245,  0.01576021,  0.0216113 ,  0.06351106,  0.02555527])"
      ]
     },
     "execution_count": 98,
     "metadata": {},
     "output_type": "execute_result"
    }
   ],
   "source": [
    "result[\"u\"]"
   ]
  },
  {
   "cell_type": "code",
   "execution_count": 99,
   "id": "b699362e-8b5d-4d68-8a57-8dd806217093",
   "metadata": {},
   "outputs": [
    {
     "data": {
      "text/plain": [
       "array([ 0.15778761, -0.13892098,  0.02081964,  0.4634618 ,  0.29590942,\n",
       "       -0.51165811,  0.43345383, -0.18126754, -0.38657053, -0.15301514])"
      ]
     },
     "execution_count": 99,
     "metadata": {},
     "output_type": "execute_result"
    }
   ],
   "source": [
    "data[\"solution\"][0]"
   ]
  },
  {
   "cell_type": "code",
   "execution_count": 100,
   "id": "ab440289-c6c8-4b7f-b0d9-a1ea7f631bc1",
   "metadata": {},
   "outputs": [
    {
     "data": {
      "text/plain": [
       "[array([ 0.15778053, -0.57297431, -0.97586966,  0.50040946, -0.14865799]),\n",
       " array([-0.1389141 ,  0.08996526,  0.94401342,  0.05513399, -0.27775439]),\n",
       " array([ 0.02078361, -0.13790289,  1.13610098, -0.67017721,  0.68254937]),\n",
       " array([ 0.4634573 ,  0.22389979, -0.5667521 ,  0.23525933,  0.22513185]),\n",
       " array([ 0.29590933, -0.8992399 ,  0.8450037 , -0.35160857, -0.94311579]),\n",
       " array([-0.51160225,  0.56711586,  0.74681316, -0.40405267, -0.0080443 ]),\n",
       " array([ 0.43343427,  0.83764949, -0.60985014,  0.00909794,  0.54083706]),\n",
       " array([-0.18127947, -0.09780837, -0.65471559,  0.27151856, -0.8334769 ]),\n",
       " array([-0.38656347, -0.12171485, -0.59996435,  0.31601769,  0.90677495]),\n",
       " array([-0.15300513,  0.11101048, -0.264778  ,  0.03840162, -0.14424369])]"
      ]
     },
     "execution_count": 100,
     "metadata": {},
     "output_type": "execute_result"
    }
   ],
   "source": [
    "result[\"x\"]"
   ]
  },
  {
   "cell_type": "code",
   "execution_count": 101,
   "id": "a65dc436-395b-4af9-a595-9ab1624660c7",
   "metadata": {},
   "outputs": [
    {
     "data": {
      "text/plain": [
       "[0.34203386180750145,\n",
       " 0.08163034837862125,\n",
       " 0.017325801849060882,\n",
       " 0.018533988585923634,\n",
       " 0.017075269361526726,\n",
       " 0.013242906785925166,\n",
       " 0.009677347711991366,\n",
       " 0.0069654368920320404,\n",
       " 0.005035116117876554,\n",
       " 0.0036853393896832563,\n",
       " 0.002737395437254332,\n",
       " 0.0020619721714167324,\n",
       " 0.001572075928202445,\n",
       " 0.0012105029876856308,\n",
       " 0.0009395359234413596,\n",
       " 0.0007338919703315117,\n",
       " 0.0005762334608346096,\n",
       " 0.00045438255529218693,\n",
       " 0.00035959364809377777,\n",
       " 0.00028546525700552417,\n",
       " 0.00022723796096896692,\n",
       " 0.00018132864403678484,\n",
       " 0.00014501279410891033,\n",
       " 0.00011620220973091018,\n",
       " 9.328601881744599e-05,\n",
       " 7.501489863263518e-05,\n",
       " 6.0415515472344845e-05,\n",
       " 4.872655377061236e-05,\n",
       " 3.9350438703583214e-05,\n",
       " 3.181662699544708e-05,\n",
       " 2.5753520824260458e-05,\n",
       " 2.0866867265265618e-05,\n",
       " 1.6923071041843947e-05,\n",
       " 1.3736251802208228e-05,\n",
       " 1.1158169584460131e-05,\n",
       " 9.070356852518919e-06,\n",
       " 7.377954718075812e-06,\n",
       " 6.004870035645581e-06,\n",
       " 4.889959662085786e-06,\n",
       " 3.9840159884399306e-06,\n",
       " 3.2473794086026215e-06,\n",
       " 2.648042726373623e-06,\n",
       " 2.1601426637046693e-06,\n",
       " 1.7627567824909727e-06,\n",
       " 1.4389419931585306e-06,\n",
       " 1.1749646578838808e-06,\n",
       " 9.596829641132288e-07,\n",
       " 7.840506425961172e-07,\n",
       " 6.407175324051905e-07,\n",
       " 5.237076501076962e-07]"
      ]
     },
     "execution_count": 101,
     "metadata": {},
     "output_type": "execute_result"
    }
   ],
   "source": [
    "result[\"r_history\"]"
   ]
  },
  {
   "cell_type": "code",
   "execution_count": 102,
   "id": "7b5351a1-7bef-432b-80bb-e715f24e0100",
   "metadata": {},
   "outputs": [
    {
     "data": {
